MY_ACCOUNT_ID=0.0.6768696
MY_PRIVATE_KEY=302e020100300506032b6570042204201035935f406bd29f6e4128b2f86ae7c7fca24a5c9ee88413fa37f7502f969110
MY_ACCOUNT_ID2=0.0.6768936
MY_PRIVATE_KEY2=302e020100300506032b6570042204201c3eaf86c25059c3f6a2d32046c304dcf9f8e1db6605f5c16ec9bdf8bf2c598c
TOKEND_ID=0.0.6769587